5.000000, 207.697081
5.000000, 207.697081
5.000000, 207.481731
5.000000, 207.489662
5.000000, 207.489662
5.000000, 207.383307
5.000000, 207.166651
5.000000, 207.166651
5.000000, 207.166651
5.000000, 207.050163
5.000000, 207.050416
5.000000, 207.050191
5.000000, 207.050191
5.000000, 207.154131
5.000000, 207.154131
5.000000, 207.154131
5.000000, 207.154131
5.000000, 207.037128
5.000000, 206.816939
5.000000, 206.816939
5.000000, 206.816939
5.000000, 206.707472
5.000000, 206.707472
5.000000, 206.593762
5.000000, 206.593762
5.000000, 206.375486
5.000000, 206.375486
5.000000, 206.374830
5.000000, 205.795876
5.000000, 205.795876
5.000000, 205.795876
5.000000, 205.683587
5.000000, 205.575484
5.000000, 205.575484
5.000000, 205.575484
5.000000, 205.575484
5.000000, 205.575484
5.000000, 205.234032
5.000000, 205.226137
5.000000, 205.226095
5.000000, 205.226095
5.000000, 204.753310
5.000000, 204.753310
5.000000, 204.752508
5.000000, 204.752508
5.000000, 204.752667
5.000000, 205.049240
5.000000, 204.947897
5.000000, 204.803978
5.000000, 204.589508
5.000000, 204.373808
5.000000, 204.373808
5.000000, 204.262785
5.000000, 204.032163
5.000000, 204.031997
5.000000, 204.031997
5.000000, 204.031997
5.000000, 204.031997
5.000000, 204.031997
5.000000, 203.701409
5.000000, 203.678481
5.000000, 203.571747
5.000000, 203.571747
5.000000, 203.571747
5.000000, 203.571747
5.000000, 203.686886
5.000000, 203.686886
5.000000, 203.470502
5.000000, 203.472141
5.000000, 203.472502
5.000000, 203.473113
5.000000, 203.661220
5.000000, 203.649252
5.000000, 203.651166
5.000000, 203.758074
5.000000, 203.758074
5.000000, 203.758074
5.000000, 203.755619
5.000000, 203.755619
5.000000, 203.750347
5.000000, 203.521887
5.000000, 203.521887
5.000000, 203.519489
5.000000, 203.519489
5.000000, 203.519489
5.000000, 203.519489
5.000000, 203.519489
5.000000, 203.519489
5.000000, 203.519489
5.000000, 203.519489
5.000000, 203.514787
5.000000, 203.502432
5.000000, 203.502432
5.000000, 203.285225
5.000000, 203.285225
5.000000, 203.285225
5.000000, 203.178013
5.000000, 203.178013
5.000000, 203.178013
5.000000, 203.179027
5.500000, 142.259363
5.500000, 142.259363
5.500000, 142.107033
5.500000, 142.137016
5.500000, 142.072389
5.500000, 141.916638
5.500000, 141.916638
5.500000, 141.724438
5.500000, 141.812360
5.500000, 141.908270
5.500000, 141.908270
5.500000, 142.026808
5.500000, 142.042024
5.500000, 142.143709
5.500000, 142.054307
5.500000, 142.004489
5.500000, 142.004489
5.500000, 141.938145
5.500000, 141.938145
5.500000, 141.938145
5.500000, 141.938145
5.500000, 141.938145
5.500000, 141.938145
5.500000, 141.938145
5.500000, 141.938145
5.500000, 141.699504
5.500000, 141.706308
5.500000, 141.716888
5.500000, 141.716888
5.500000, 141.716888
5.500000, 141.716888
5.500000, 141.716888
5.500000, 141.716888
5.500000, 141.716888
5.500000, 141.589037
5.500000, 141.589037
5.500000, 141.640831
5.500000, 141.640831
5.500000, 141.649994
5.500000, 141.649994
5.500000, 141.562057
5.500000, 141.562057
5.500000, 141.350270
5.500000, 141.411859
5.500000, 141.586017
5.500000, 141.586017
5.500000, 141.586017
5.500000, 141.586017
5.500000, 141.586017
5.500000, 141.590292
5.500000, 141.589158
5.500000, 141.780133
5.500000, 141.708639
5.500000, 141.708639
5.500000, 141.708639
5.500000, 141.708639
5.500000, 141.710685
5.500000, 141.482716
5.500000, 141.466420
5.500000, 141.676109
5.500000, 141.687394
5.500000, 141.687394
5.500000, 141.687394
5.500000, 141.687394
5.500000, 141.895559
5.500000, 141.580959
5.500000, 141.580959
5.500000, 141.580959
5.500000, 141.506715
5.500000, 141.506715
5.500000, 141.506715
5.500000, 141.506715
5.500000, 141.447963
5.500000, 141.344424
5.500000, 141.344424
5.500000, 141.344424
5.500000, 141.350965
5.500000, 141.170823
5.500000, 141.407153
5.500000, 141.560173
5.500000, 141.560173
5.500000, 141.560173
5.500000, 141.560173
5.500000, 141.560173
5.500000, 141.297025
5.500000, 141.297025
5.500000, 141.183257
5.500000, 141.306659
5.500000, 141.306659
5.500000, 141.211410
5.500000, 141.306659
5.500000, 141.306659
5.500000, 141.306659
5.500000, 141.306659
5.500000, 141.496115
5.500000, 141.496115
5.500000, 141.584680
5.500000, 141.513905
5.500000, 141.532334
5.500000, 141.544612
6.000000, 96.794076
6.000000, 96.794076
6.000000, 96.794076
6.000000, 96.794076
6.000000, 96.770803
6.000000, 96.624282
6.000000, 96.623134
6.000000, 96.791479
6.000000, 96.637355
6.000000, 96.791479
6.000000, 96.791479
6.000000, 96.791479
6.000000, 96.657013
6.000000, 96.751779
6.000000, 96.751779
6.000000, 96.751779
6.000000, 96.646911
6.000000, 96.646911
6.000000, 96.229827
6.000000, 96.464496
6.000000, 96.499930
6.000000, 96.554316
6.000000, 96.554316
6.000000, 96.555789
6.000000, 96.563159
6.000000, 96.563159
6.000000, 96.563159
6.000000, 96.524536
6.000000, 96.630233
6.000000, 96.630233
6.000000, 96.630233
6.000000, 96.486033
6.000000, 96.486033
6.000000, 96.486033
6.000000, 96.467270
6.000000, 96.467270
6.000000, 96.475538
6.000000, 96.503881
6.000000, 96.503881
6.000000, 96.503881
6.000000, 96.503881
6.000000, 96.503881
6.000000, 96.503881
6.000000, 96.503881
6.000000, 96.503881
6.000000, 96.503881
6.000000, 96.523040
6.000000, 96.315498
6.000000, 96.438575
6.000000, 96.438575
6.000000, 96.438575
6.000000, 96.334651
6.000000, 96.438575
6.000000, 96.376701
6.000000, 96.259059
6.000000, 96.259059
6.000000, 96.131469
6.000000, 96.131469
6.000000, 96.131469
6.000000, 96.131469
6.000000, 96.131469
6.000000, 96.135679
6.000000, 96.135679
6.000000, 95.964994
6.000000, 96.240447
6.000000, 96.240447
6.000000, 96.268982
6.000000, 96.434738
6.000000, 96.434738
6.000000, 96.447305
6.000000, 96.447305
6.000000, 96.447305
6.000000, 96.447305
6.000000, 96.245848
6.000000, 96.458369
6.000000, 96.503099
6.000000, 96.503099
6.000000, 96.301323
6.000000, 96.572599
6.000000, 96.572599
6.000000, 96.572599
6.000000, 96.366336
6.000000, 96.572599
6.000000, 96.572599
6.000000, 96.572599
6.000000, 96.572599
6.000000, 96.572599
6.000000, 96.572599
6.000000, 96.572599
6.000000, 96.572599
6.000000, 96.572599
6.000000, 96.237064
6.000000, 96.534859
6.000000, 96.534859
6.000000, 96.534859
6.000000, 96.534859
6.000000, 96.534859
6.000000, 96.542521
6.000000, 96.568133
6.000000, 96.568133
6.500000, 68.694932
6.500000, 68.760753
6.500000, 68.586947
6.500000, 68.721011
6.500000, 68.721011
6.500000, 68.721011
6.500000, 68.657659
6.500000, 68.721011
6.500000, 68.676866
6.500000, 68.653883
6.500000, 68.653883
6.500000, 68.653883
6.500000, 68.706346
6.500000, 68.706346
6.500000, 68.572564
6.500000, 68.491250
6.500000, 68.706346
6.500000, 68.539978
6.500000, 68.539978
6.500000, 68.552031
6.500000, 68.322581
6.500000, 68.404655
6.500000, 68.404655
6.500000, 68.404655
6.500000, 68.372172
6.500000, 68.404655
6.500000, 68.404655
6.500000, 68.404655
6.500000, 68.279802
6.500000, 68.404655
6.500000, 68.267715
6.500000, 68.404655
6.500000, 68.404655
6.500000, 68.404655
6.500000, 68.404655
6.500000, 68.404655
6.500000, 68.404655
6.500000, 68.404655
6.500000, 68.404655
6.500000, 68.404655
6.500000, 68.404655
6.500000, 68.404655
6.500000, 68.404655
6.500000, 68.204078
6.500000, 68.404655
6.500000, 68.404655
6.500000, 68.411939
6.500000, 68.411939
6.500000, 68.411939
6.500000, 68.411939
6.500000, 68.365256
6.500000, 68.365256
6.500000, 68.365256
6.500000, 68.365256
6.500000, 68.418509
6.500000, 68.418509
6.500000, 68.418509
6.500000, 68.418509
6.500000, 68.418509
6.500000, 68.435966
6.500000, 68.250891
6.500000, 68.449537
6.500000, 68.449537
6.500000, 68.197406
6.500000, 68.288447
6.500000, 68.288447
6.500000, 68.288447
6.500000, 68.288447
6.500000, 68.288447
6.500000, 68.288447
6.500000, 68.239258
6.500000, 68.239258
6.500000, 68.239258
6.500000, 68.239258
6.500000, 68.242170
6.500000, 68.242170
6.500000, 68.242170
6.500000, 68.242170
6.500000, 68.267237
6.500000, 68.220889
6.500000, 68.220889
6.500000, 68.057579
6.500000, 68.220889
6.500000, 68.233996
6.500000, 68.233996
6.500000, 68.233996
6.500000, 68.115114
6.500000, 68.233996
6.500000, 68.233996
6.500000, 68.233996
6.500000, 68.233996
6.500000, 68.266657
6.500000, 68.266657
6.500000, 68.266657
6.500000, 68.266657
6.500000, 68.266657
6.500000, 68.266657
6.500000, 68.266657
6.500000, 68.266657
6.500000, 68.266657
7.000000, 50.463110
7.000000, 50.463110
7.000000, 50.463110
7.000000, 50.463110
7.000000, 50.466636
7.000000, 50.466636
7.000000, 50.466636
7.000000, 50.473763
7.000000, 50.473763
7.000000, 50.445611
7.000000, 50.476470
7.000000, 50.476470
7.000000, 50.476951
7.000000, 50.476951
7.000000, 50.476951
7.000000, 50.476951
7.000000, 50.476951
7.000000, 50.476951
7.000000, 50.476951
7.000000, 50.476951
7.000000, 50.476951
7.000000, 50.428040
7.000000, 50.230890
7.000000, 50.428040
7.000000, 50.428040
7.000000, 50.428040
7.000000, 50.419537
7.000000, 50.419537
7.000000, 50.288927
7.000000, 50.435499
7.000000, 50.435499
7.000000, 50.330686
7.000000, 50.435216
7.000000, 50.435216
7.000000, 50.435216
7.000000, 50.438190
7.000000, 50.438190
7.000000, 50.407454
7.000000, 50.409331
7.000000, 50.409331
7.000000, 50.409331
7.000000, 50.372712
7.000000, 50.372712
7.000000, 50.373808
7.000000, 50.296809
7.000000, 50.296809
7.000000, 50.278396
7.000000, 50.278396
7.000000, 50.392916
7.000000, 50.342143
7.000000, 50.342143
7.000000, 50.359626
7.000000, 50.360129
7.000000, 50.360129
7.000000, 50.360129
7.000000, 50.360129
7.000000, 50.360129
7.000000, 50.359765
7.000000, 50.359765
7.000000, 50.386121
7.000000, 50.386121
7.000000, 50.386121
7.000000, 50.386121
7.000000, 50.384054
7.000000, 50.384054
7.000000, 50.384054
7.000000, 50.384054
7.000000, 50.485595
7.000000, 50.486895
7.000000, 50.486895
7.000000, 50.486895
7.000000, 50.486895
7.000000, 50.411928
7.000000, 50.369145
7.000000, 50.410790
7.000000, 50.410790
7.000000, 50.410790
7.000000, 50.410790
7.000000, 50.405788
7.000000, 50.233121
7.000000, 50.410790
7.000000, 50.392514
7.000000, 50.304412
7.000000, 50.392514
7.000000, 50.392514
7.000000, 50.392514
7.000000, 50.392514
7.000000, 50.392514
7.000000, 50.392514
7.000000, 50.392514
7.000000, 50.392514
7.000000, 50.392514
7.000000, 50.412351
7.000000, 50.412351
7.000000, 50.412351
7.000000, 50.412351
7.000000, 50.412351
7.000000, 50.412351
7.000000, 50.412351
7.000000, 50.446418
7.500000, 40.205497
7.500000, 40.141433
7.500000, 40.141433
7.500000, 40.111230
7.500000, 40.111230
7.500000, 40.111230
7.500000, 40.111230
7.500000, 40.036683
7.500000, 40.168509
7.500000, 40.168509
7.500000, 40.191240
7.500000, 40.191240
7.500000, 40.191240
7.500000, 40.191240
7.500000, 40.191240
7.500000, 40.191240
7.500000, 40.191240
7.500000, 40.191240
7.500000, 40.187813
7.500000, 40.187813
7.500000, 40.129617
7.500000, 40.132176
7.500000, 40.194186
7.500000, 40.194186
7.500000, 40.194186
7.500000, 40.194186
7.500000, 40.194186
7.500000, 40.194186
7.500000, 40.194186
7.500000, 40.063653
7.500000, 40.098901
7.500000, 40.194186
7.500000, 40.194186
7.500000, 40.194186
7.500000, 40.194186
7.500000, 40.136311
7.500000, 40.194186
7.500000, 40.194186
7.500000, 40.194186
7.500000, 40.194186
7.500000, 40.194186
7.500000, 40.194186
7.500000, 40.194481
7.500000, 40.063948
7.500000, 40.194481
7.500000, 40.194481
7.500000, 40.194481
7.500000, 40.194481
7.500000, 40.194481
7.500000, 40.194481
7.500000, 40.194481
7.500000, 40.194481
7.500000, 40.194481
7.500000, 40.194481
7.500000, 40.194481
7.500000, 40.194481
7.500000, 40.199810
7.500000, 40.199810
7.500000, 40.199810
7.500000, 40.199810
7.500000, 40.199810
7.500000, 40.199810
7.500000, 40.199810
7.500000, 40.209785
7.500000, 40.209785
7.500000, 40.209785
7.500000, 40.209785
7.500000, 40.191395
7.500000, 40.191395
7.500000, 40.096073
7.500000, 40.095083
7.500000, 40.095083
7.500000, 40.095083
7.500000, 40.095865
7.500000, 40.095865
7.500000, 40.095865
7.500000, 40.181676
7.500000, 40.181676
7.500000, 40.181676
7.500000, 40.181676
7.500000, 40.103102
7.500000, 40.181676
7.500000, 40.181676
7.500000, 40.181676
7.500000, 40.181676
7.500000, 40.181676
7.500000, 40.181676
7.500000, 40.181676
7.500000, 40.181676
7.500000, 40.181676
7.500000, 40.136104
7.500000, 40.079023
7.500000, 40.057531
7.500000, 40.194316
7.500000, 40.194316
7.500000, 40.194316
7.500000, 40.190472
7.500000, 40.190472
7.500000, 40.190472
7.500000, 40.190472
8.000000, 35.323657
8.000000, 35.323657
8.000000, 35.331486
8.000000, 35.331486
8.000000, 35.331486
8.000000, 35.331486
8.000000, 35.331486
8.000000, 35.331486
8.000000, 35.331486
8.000000, 35.331486
8.000000, 35.331486
8.000000, 35.331486
8.000000, 35.331486
8.000000, 35.331486
8.000000, 35.339117
8.000000, 35.339117
8.000000, 35.207299
8.000000, 35.207807
8.000000, 35.357435
8.000000, 35.357435
8.000000, 35.357435
8.000000, 35.357435
8.000000, 35.329143
8.000000, 35.282749
8.000000, 35.329143
8.000000, 35.350610
8.000000, 35.350610
8.000000, 35.350610
8.000000, 35.350610
8.000000, 35.219419
8.000000, 35.350610
8.000000, 35.349754
8.000000, 35.349754
8.000000, 35.349754
8.000000, 35.349754
8.000000, 35.349754
8.000000, 35.268851
8.000000, 35.343856
8.000000, 35.343856
8.000000, 35.343856
8.000000, 35.343856
8.000000, 35.243543
8.000000, 35.249132
8.000000, 35.343856
8.000000, 35.343856
8.000000, 35.243543
8.000000, 35.343856
8.000000, 35.314589
8.000000, 35.360372
8.000000, 35.360372
8.000000, 35.360336
8.000000, 35.360336
8.000000, 35.360336
8.000000, 35.360336
8.000000, 35.360336
8.000000, 35.360336
8.000000, 35.360336
8.000000, 35.360336
8.000000, 35.379034
8.000000, 35.365641
8.000000, 35.365641
8.000000, 35.365641
8.000000, 35.365641
8.000000, 35.365641
8.000000, 35.385891
8.000000, 35.381630
8.000000, 35.381630
8.000000, 35.381630
8.000000, 35.290221
8.000000, 35.381630
8.000000, 35.381630
8.000000, 35.287271
8.000000, 35.381630
8.000000, 35.381630
8.000000, 35.381630
8.000000, 35.381630
8.000000, 35.381630
8.000000, 35.381630
8.000000, 35.381630
8.000000, 35.392712
8.000000, 35.410093
8.000000, 35.315921
8.000000, 35.301694
8.000000, 35.407696
8.000000, 35.434169
8.000000, 35.434169
8.000000, 35.434169
8.000000, 35.434169
8.000000, 35.446031
8.000000, 35.446031
8.000000, 35.446031
8.000000, 35.446031
8.000000, 35.526837
8.000000, 35.488889
8.000000, 35.488889
8.000000, 35.488889
8.000000, 35.488889
8.000000, 35.488889
8.000000, 35.488889
8.000000, 35.488889
8.500000, 31.436524
8.500000, 31.394664
8.500000, 31.427065
8.500000, 31.427065
8.500000, 31.427065
8.500000, 31.442778
8.500000, 31.442778
8.500000, 31.442778
8.500000, 31.440314
8.500000, 31.440314
8.500000, 31.440314
8.500000, 31.440314
8.500000, 31.440314
8.500000, 31.440314
8.500000, 31.444517
8.500000, 31.444517
8.500000, 31.364706
8.500000, 31.430181
8.500000, 31.430181
8.500000, 31.510176
8.500000, 31.405084
8.500000, 31.529394
8.500000, 31.529394
8.500000, 31.529394
8.500000, 31.529394
8.500000, 31.529394
8.500000, 31.529394
8.500000, 31.529394
8.500000, 31.529394
8.500000, 31.529394
8.500000, 31.529394
8.500000, 31.529394
8.500000, 31.529394
8.500000, 31.453412
8.500000, 31.529394
8.500000, 31.529394
8.500000, 31.529394
8.500000, 31.529394
8.500000, 31.529394
8.500000, 31.529394
8.500000, 31.404280
8.500000, 31.529394
8.500000, 31.529394
8.500000, 31.529394
8.500000, 31.529394
8.500000, 31.529394
8.500000, 31.529394
8.500000, 31.529394
8.500000, 31.529394
8.500000, 31.529394
8.500000, 31.529394
8.500000, 31.529394
8.500000, 31.529394
8.500000, 31.529394
8.500000, 31.529394
8.500000, 31.529394
8.500000, 31.422922
8.500000, 31.527832
8.500000, 31.527832
8.500000, 31.527832
8.500000, 31.527832
8.500000, 31.527832
8.500000, 31.551849
8.500000, 31.551849
8.500000, 31.551849
8.500000, 31.536235
8.500000, 31.438259
8.500000, 31.541210
8.500000, 31.541210
8.500000, 31.541210
8.500000, 31.541210
8.500000, 31.541210
8.500000, 31.541210
8.500000, 31.529595
8.500000, 31.529595
8.500000, 31.543317
8.500000, 31.543317
8.500000, 31.543317
8.500000, 31.543317
8.500000, 31.543317
8.500000, 31.543317
8.500000, 31.543317
8.500000, 31.543317
8.500000, 31.543317
8.500000, 31.543317
8.500000, 31.487155
8.500000, 31.580571
8.500000, 31.583642
8.500000, 31.583642
8.500000, 31.583642
8.500000, 31.583642
8.500000, 31.583642
8.500000, 31.583642
8.500000, 31.583642
8.500000, 31.583642
8.500000, 31.583642
8.500000, 31.583642
8.500000, 31.583642
8.500000, 31.583642
8.500000, 31.583642
9.000000, 28.171829
9.000000, 28.171829
9.000000, 28.171829
9.000000, 28.171829
9.000000, 28.176900
9.000000, 28.176900
9.000000, 28.176900
9.000000, 28.176900
9.000000, 28.176900
9.000000, 28.176900
9.000000, 28.176900
9.000000, 28.176900
9.000000, 28.143511
9.000000, 28.143511
9.000000, 28.143511
9.000000, 28.143511
9.000000, 28.143511
9.000000, 28.143511
9.000000, 28.143511
9.000000, 28.143511
9.000000, 28.143511
9.000000, 28.143511
9.000000, 28.143511
9.000000, 28.121609
9.000000, 28.143511
9.000000, 28.150106
9.000000, 28.090405
9.000000, 28.150106
9.000000, 28.150106
9.000000, 28.150106
9.000000, 28.040576
9.000000, 28.150106
9.000000, 28.150106
9.000000, 28.150106
9.000000, 28.150106
9.000000, 28.150106
9.000000, 28.150106
9.000000, 28.077769
9.000000, 28.152360
9.000000, 28.152360
9.000000, 28.106068
9.000000, 28.152360
9.000000, 28.142680
9.000000, 28.142680
9.000000, 28.142680
9.000000, 28.142680
9.000000, 28.103461
9.000000, 28.103461
9.000000, 28.103461
9.000000, 28.013068
9.000000, 28.103461
9.000000, 28.103461
9.000000, 28.103461
9.000000, 28.103461
9.000000, 28.103461
9.000000, 28.101406
9.000000, 28.099772
9.000000, 28.101804
9.000000, 28.069019
9.000000, 28.069019
9.000000, 28.069019
9.000000, 28.069019
9.000000, 28.076896
9.000000, 28.076896
9.000000, 28.078406
9.000000, 28.078406
9.000000, 28.017905
9.000000, 28.078406
9.000000, 28.078406
9.000000, 28.078406
9.000000, 28.078406
9.000000, 28.078406
9.000000, 28.078406
9.000000, 28.078406
9.000000, 28.078406
9.000000, 28.078406
9.000000, 27.971875
9.000000, 28.079622
9.000000, 28.079622
9.000000, 28.079622
9.000000, 28.055984
9.000000, 28.079622
9.000000, 28.079622
9.000000, 28.079622
9.000000, 28.109994
9.000000, 28.159954
9.000000, 28.169154
9.000000, 28.169154
9.000000, 28.031189
9.000000, 28.169154
9.000000, 28.169154
9.000000, 28.169154
9.000000, 28.169154
9.000000, 28.169154
9.000000, 28.169154
9.000000, 28.072324
9.000000, 28.169154
9.000000, 28.169154
9.000000, 28.169154
9.000000, 28.169154
9.500000, 25.282011
9.500000, 25.242563
9.500000, 25.283410
9.500000, 25.283410
9.500000, 25.283410
9.500000, 25.283410
9.500000, 25.257985
9.500000, 25.257985
9.500000, 25.257985
9.500000, 25.257985
9.500000, 25.257985
9.500000, 25.284871
9.500000, 25.284871
9.500000, 25.284871
9.500000, 25.284871
9.500000, 25.284871
9.500000, 25.284871
9.500000, 25.284871
9.500000, 25.284871
9.500000, 25.254110
9.500000, 25.254110
9.500000, 25.263865
9.500000, 25.173022
9.500000, 25.286048
9.500000, 25.286048
9.500000, 25.286048
9.500000, 25.284099
9.500000, 25.284099
9.500000, 25.284099
9.500000, 25.284099
9.500000, 25.284099
9.500000, 25.284099
9.500000, 25.258402
9.500000, 25.258402
9.500000, 25.258402
9.500000, 25.258208
9.500000, 25.258208
9.500000, 25.258208
9.500000, 25.258208
9.500000, 25.258208
9.500000, 25.258208
9.500000, 25.258208
9.500000, 25.232874
9.500000, 25.258208
9.500000, 25.258208
9.500000, 25.258208
9.500000, 25.258208
9.500000, 25.258208
9.500000, 25.258208
9.500000, 25.258208
9.500000, 25.232874
9.500000, 25.258208
9.500000, 25.258217
9.500000, 25.240661
9.500000, 25.239557
9.500000, 25.239557
9.500000, 25.239557
9.500000, 25.210713
9.500000, 25.210713
9.500000, 25.210713
9.500000, 25.210713
9.500000, 25.210713
9.500000, 25.210713
9.500000, 25.210713
9.500000, 25.210713
9.500000, 25.210713
9.500000, 25.210713
9.500000, 25.210713
9.500000, 25.210713
9.500000, 25.210713
9.500000, 25.210713
9.500000, 25.210713
9.500000, 25.266855
9.500000, 25.266855
9.500000, 25.266855
9.500000, 25.266855
9.500000, 25.266855
9.500000, 25.266855
9.500000, 25.295125
9.500000, 25.293771
9.500000, 25.293771
9.500000, 25.293771
9.500000, 25.293771
9.500000, 25.293771
9.500000, 25.293771
9.500000, 25.293771
9.500000, 25.293771
9.500000, 25.293771
9.500000, 25.293771
9.500000, 25.296247
9.500000, 25.296247
9.500000, 25.244843
9.500000, 25.296247
9.500000, 25.296247
9.500000, 25.296247
9.500000, 25.296247
9.500000, 25.296247
9.500000, 25.296247
9.500000, 25.296247
9.500000, 25.296247
10.000000, 22.829863
10.000000, 22.788051
10.000000, 22.829863
10.000000, 22.829863
10.000000, 22.830163
10.000000, 22.830163
10.000000, 22.830177
10.000000, 22.830177
10.000000, 22.830177
10.000000, 22.830177
10.000000, 22.857325
10.000000, 22.857325
10.000000, 22.795168
10.000000, 22.857325
10.000000, 22.857325
10.000000, 22.857325
10.000000, 22.812492
10.000000, 22.812492
10.000000, 22.702988
10.000000, 22.812492
10.000000, 22.737354
10.000000, 22.812492
10.000000, 22.797843
10.000000, 22.812492
10.000000, 22.812492
10.000000, 22.812492
10.000000, 22.812492
10.000000, 22.812492
10.000000, 22.812492
10.000000, 22.813039
10.000000, 22.813039
10.000000, 22.813039
10.000000, 22.834190
10.000000, 22.834190
10.000000, 22.834190
10.000000, 22.834190
10.000000, 22.834190
10.000000, 22.834190
10.000000, 22.834190
10.000000, 22.853902
10.000000, 22.853902
10.000000, 22.853902
10.000000, 22.798074
10.000000, 22.857229
10.000000, 22.857229
10.000000, 22.857229
10.000000, 22.857229
10.000000, 22.857229
10.000000, 22.857229
10.000000, 22.857229
10.000000, 22.857229
10.000000, 22.857229
10.000000, 22.857229
10.000000, 22.857229
10.000000, 22.848985
10.000000, 22.739186
10.000000, 22.851140
10.000000, 22.807024
10.000000, 22.849892
10.000000, 22.849892
10.000000, 22.849892
10.000000, 22.876421
10.000000, 22.876421
10.000000, 22.833680
10.000000, 22.818635
10.000000, 22.876421
10.000000, 22.876421
10.000000, 22.876421
10.000000, 22.876421
10.000000, 22.876421
10.000000, 22.858234
10.000000, 22.858234
10.000000, 22.858234
10.000000, 22.858234
10.000000, 22.858234
10.000000, 22.858234
10.000000, 22.858234
10.000000, 22.858234
10.000000, 22.858234
10.000000, 22.858234
10.000000, 22.858234
10.000000, 22.858234
10.000000, 22.816318
10.000000, 22.858234
10.000000, 22.858234
10.000000, 22.858576
10.000000, 22.858576
10.000000, 22.858576
10.000000, 22.858576
10.000000, 22.858576
10.000000, 22.858576
10.000000, 22.858576
10.000000, 22.860739
10.000000, 22.899849
10.000000, 22.886424
10.000000, 22.886424
10.000000, 22.886424
10.000000, 22.886424
10.000000, 22.886424
10.000000, 22.906107
10.500000, 20.776514
10.500000, 20.797483
10.500000, 20.797483
10.500000, 20.795456
10.500000, 20.795456
10.500000, 20.795456
10.500000, 20.778684
10.500000, 20.778684
10.500000, 20.778684
10.500000, 20.778684
10.500000, 20.778684
10.500000, 20.778684
10.500000, 20.778684
10.500000, 20.795074
10.500000, 20.795074
10.500000, 20.795074
10.500000, 20.795074
10.500000, 20.795074
10.500000, 20.795074
10.500000, 20.795074
10.500000, 20.795074
10.500000, 20.795074
10.500000, 20.795074
10.500000, 20.795074
10.500000, 20.795074
10.500000, 20.795074
10.500000, 20.757803
10.500000, 20.795074
10.500000, 20.795074
10.500000, 20.795074
10.500000, 20.795074
10.500000, 20.764756
10.500000, 20.702100
10.500000, 20.795074
10.500000, 20.795074
10.500000, 20.795074
10.500000, 20.765833
10.500000, 20.795074
10.500000, 20.795074
10.500000, 20.795074
10.500000, 20.795074
10.500000, 20.795074
10.500000, 20.795074
10.500000, 20.698587
10.500000, 20.795074
10.500000, 20.745040
10.500000, 20.774053
10.500000, 20.774053
10.500000, 20.774053
10.500000, 20.774053
10.500000, 20.765030
10.500000, 20.765030
10.500000, 20.765030
10.500000, 20.765319
10.500000, 20.765319
10.500000, 20.783454
10.500000, 20.765248
10.500000, 20.765248
10.500000, 20.765248
10.500000, 20.765248
10.500000, 20.765248
10.500000, 20.765248
10.500000, 20.715046
10.500000, 20.765248
10.500000, 20.765248
10.500000, 20.765248
10.500000, 20.765248
10.500000, 20.765248
10.500000, 20.765248
10.500000, 20.765248
10.500000, 20.765248
10.500000, 20.765248
10.500000, 20.765248
10.500000, 20.753516
10.500000, 20.716895
10.500000, 20.750054
10.500000, 20.750054
10.500000, 20.750054
10.500000, 20.750054
10.500000, 20.750054
10.500000, 20.745368
10.500000, 20.745368
10.500000, 20.745368
10.500000, 20.745368
10.500000, 20.698768
10.500000, 20.702554
10.500000, 20.702554
10.500000, 20.702554
10.500000, 20.702554
10.500000, 20.702554
10.500000, 20.702554
10.500000, 20.702554
10.500000, 20.676260
10.500000, 20.702554
10.500000, 20.702554
10.500000, 20.702554
10.500000, 20.702554
10.500000, 20.702554
10.500000, 20.702554
10.500000, 20.702554
11.000000, 18.863278
11.000000, 18.863278
11.000000, 18.863278
11.000000, 18.863278
11.000000, 18.863278
11.000000, 18.829448
11.000000, 18.873891
11.000000, 18.873891
11.000000, 18.873891
11.000000, 18.834272
11.000000, 18.834272
11.000000, 18.834272
11.000000, 18.834272
11.000000, 18.834272
11.000000, 18.834272
11.000000, 18.834272
11.000000, 18.834272
11.000000, 18.788811
11.000000, 18.836353
11.000000, 18.836353
11.000000, 18.836353
11.000000, 18.836353
11.000000, 18.824627
11.000000, 18.824627
11.000000, 18.814425
11.000000, 18.824627
11.000000, 18.824627
11.000000, 18.782501
11.000000, 18.824627
11.000000, 18.824627
11.000000, 18.824627
11.000000, 18.824627
11.000000, 18.824627
11.000000, 18.824627
11.000000, 18.782501
11.000000, 18.824627
11.000000, 18.820732
11.000000, 18.820732
11.000000, 18.820732
11.000000, 18.820732
11.000000, 18.820732
11.000000, 18.820732
11.000000, 18.820732
11.000000, 18.820732
11.000000, 18.742284
11.000000, 18.799921
11.000000, 18.762950
11.000000, 18.799921
11.000000, 18.799921
11.000000, 18.799921
11.000000, 18.771847
11.000000, 18.799921
11.000000, 18.799921
11.000000, 18.721472
11.000000, 18.799921
11.000000, 18.799921
11.000000, 18.754761
11.000000, 18.799921
11.000000, 18.768503
11.000000, 18.799921
11.000000, 18.778144
11.000000, 18.778144
11.000000, 18.778144
11.000000, 18.778144
11.000000, 18.733865
11.000000, 18.778144
11.000000, 18.778144
11.000000, 18.778144
11.000000, 18.778144
11.000000, 18.778144
11.000000, 18.778144
11.000000, 18.778144
11.000000, 18.778144
11.000000, 18.778144
11.000000, 18.778144
11.000000, 18.778144
11.000000, 18.778144
11.000000, 18.778144
11.000000, 18.778144
11.000000, 18.775726
11.000000, 18.775726
11.000000, 18.744528
11.000000, 18.775726
11.000000, 18.775726
11.000000, 18.775726
11.000000, 18.775726
11.000000, 18.775726
11.000000, 18.697295
11.000000, 18.775726
11.000000, 18.775726
11.000000, 18.775726
11.000000, 18.777627
11.000000, 18.777627
11.000000, 18.777627
11.000000, 18.777627
11.000000, 18.777627
11.000000, 18.777627
11.000000, 18.777627
11.000000, 18.775890
11.000000, 18.775890
11.500000, 17.143893
11.500000, 17.178697
11.500000, 17.178697
11.500000, 17.178697
11.500000, 17.147196
11.500000, 17.178697
11.500000, 17.137667
11.500000, 17.147196
11.500000, 17.178697
11.500000, 17.178697
11.500000, 17.147196
11.500000, 17.115204
11.500000, 17.178697
11.500000, 17.178697
11.500000, 17.178697
11.500000, 17.178697
11.500000, 17.178697
11.500000, 17.178697
11.500000, 17.178697
11.500000, 17.178697
11.500000, 17.153194
11.500000, 17.178697
11.500000, 17.178697
11.500000, 17.178697
11.500000, 17.178697
11.500000, 17.178697
11.500000, 17.180617
11.500000, 17.157038
11.500000, 17.180617
11.500000, 17.180617
11.500000, 17.180617
11.500000, 17.124332
11.500000, 17.180617
11.500000, 17.180617
11.500000, 17.180617
11.500000, 17.142787
11.500000, 17.183507
11.500000, 17.183507
11.500000, 17.183507
11.500000, 17.183507
11.500000, 17.183507
11.500000, 17.183507
11.500000, 17.149473
11.500000, 17.132923
11.500000, 17.132923
11.500000, 17.132923
11.500000, 17.132923
11.500000, 17.132923
11.500000, 17.127392
11.500000, 17.127392
11.500000, 17.127392
11.500000, 17.107574
11.500000, 17.107574
11.500000, 17.107574
11.500000, 17.107574
11.500000, 17.107574
11.500000, 17.107574
11.500000, 17.107574
11.500000, 17.080011
11.500000, 17.105256
11.500000, 17.105256
11.500000, 17.105256
11.500000, 17.105256
11.500000, 17.105256
11.500000, 17.105256
11.500000, 17.105256
11.500000, 17.074500
11.500000, 17.105256
11.500000, 17.105256
11.500000, 17.079866
11.500000, 17.113251
11.500000, 17.113251
11.500000, 17.113251
11.500000, 17.113251
11.500000, 17.113251
11.500000, 17.127077
11.500000, 17.127077
11.500000, 17.124755
11.500000, 17.124755
11.500000, 17.086943
11.500000, 17.119366
11.500000, 17.119366
11.500000, 17.119366
11.500000, 17.119366
11.500000, 17.119366
11.500000, 17.119366
11.500000, 17.119366
11.500000, 17.108519
11.500000, 17.108519
11.500000, 17.108519
11.500000, 17.108519
11.500000, 17.108519
11.500000, 17.108519
11.500000, 17.108519
11.500000, 17.108519
11.500000, 17.108519
11.500000, 17.108519
11.500000, 17.029838
11.500000, 17.108519
11.500000, 17.108519
12.000000, 15.712511
12.000000, 15.679682
12.000000, 15.712511
12.000000, 15.712511
12.000000, 15.712511
12.000000, 15.712511
12.000000, 15.712511
12.000000, 15.712511
12.000000, 15.712511
12.000000, 15.712511
12.000000, 15.712511
12.000000, 15.712511
12.000000, 15.712511
12.000000, 15.712511
12.000000, 15.712511
12.000000, 15.712511
12.000000, 15.712511
12.000000, 15.712511
12.000000, 15.712511
12.000000, 15.712511
12.000000, 15.712511
12.000000, 15.712511
12.000000, 15.712511
12.000000, 15.712511
12.000000, 15.731992
12.000000, 15.731992
12.000000, 15.640978
12.000000, 15.731992
12.000000, 15.731992
12.000000, 15.713832
12.000000, 15.731992
12.000000, 15.731992
12.000000, 15.731992
12.000000, 15.734548
12.000000, 15.711303
12.000000, 15.734548
12.000000, 15.734548
12.000000, 15.734548
12.000000, 15.734548
12.000000, 15.734548
12.000000, 15.740724
12.000000, 15.740724
12.000000, 15.740724
12.000000, 15.774129
12.000000, 15.774129
12.000000, 15.774129
12.000000, 15.778524
12.000000, 15.778524
12.000000, 15.778524
12.000000, 15.778524
12.000000, 15.778524
12.000000, 15.778524
12.000000, 15.778524
12.000000, 15.778524
12.000000, 15.778524
12.000000, 15.778524
12.000000, 15.778524
12.000000, 15.778524
12.000000, 15.778524
12.000000, 15.778524
12.000000, 15.778524
12.000000, 15.778524
12.000000, 15.783234
12.000000, 15.754435
12.000000, 15.754435
12.000000, 15.754435
12.000000, 15.719400
12.000000, 15.754435
12.000000, 15.752208
12.000000, 15.755748
12.000000, 15.755748
12.000000, 15.754533
12.000000, 15.754533
12.000000, 15.754533
12.000000, 15.754533
12.000000, 15.754533
12.000000, 15.685577
12.000000, 15.737357
12.000000, 15.737357
12.000000, 15.737357
12.000000, 15.737357
12.000000, 15.737357
12.000000, 15.737357
12.000000, 15.737357
12.000000, 15.737357
12.000000, 15.737357
12.000000, 15.741565
12.000000, 15.741565
12.000000, 15.741565
12.000000, 15.709723
12.000000, 15.741565
12.000000, 15.741565
12.000000, 15.741565
12.000000, 15.722030
12.000000, 15.741565
12.000000, 15.726084
12.000000, 15.726084
12.000000, 15.726084
12.000000, 15.726084
12.000000, 15.726084
12.500000, 14.493159
12.500000, 14.493159
12.500000, 14.493159
12.500000, 14.493159
12.500000, 14.493159
12.500000, 14.493159
12.500000, 14.410503
12.500000, 14.467383
12.500000, 14.467383
12.500000, 14.467383
12.500000, 14.467383
12.500000, 14.456014
12.500000, 14.456014
12.500000, 14.456014
12.500000, 14.411170
12.500000, 14.390136
12.500000, 14.440960
12.500000, 14.440960
12.500000, 14.440960
12.500000, 14.396117
12.500000, 14.440960
12.500000, 14.440960
12.500000, 14.440960
12.500000, 14.440960
12.500000, 14.440960
12.500000, 14.440960
12.500000, 14.440960
12.500000, 14.440960
12.500000, 14.440960
12.500000, 14.440960
12.500000, 14.417129
12.500000, 14.440960
12.500000, 14.440960
12.500000, 14.440960
12.500000, 14.440960
12.500000, 14.440960
12.500000, 14.440960
12.500000, 14.440960
12.500000, 14.440960
12.500000, 14.440960
12.500000, 14.440960
12.500000, 14.440960
12.500000, 14.440960
12.500000, 14.443208
12.500000, 14.443208
12.500000, 14.443208
12.500000, 14.378428
12.500000, 14.431525
12.500000, 14.431525
12.500000, 14.431525
12.500000, 14.455712
12.500000, 14.455712
12.500000, 14.456080
12.500000, 14.452013
12.500000, 14.423771
12.500000, 14.452013
12.500000, 14.452013
12.500000, 14.452013
12.500000, 14.452013
12.500000, 14.452013
12.500000, 14.452013
12.500000, 14.459977
12.500000, 14.459977
12.500000, 14.459977
12.500000, 14.442909
12.500000, 14.442228
12.500000, 14.439550
12.500000, 14.439550
12.500000, 14.439550
12.500000, 14.439550
12.500000, 14.439550
12.500000, 14.439550
12.500000, 14.378979
12.500000, 14.439550
12.500000, 14.424604
12.500000, 14.424604
12.500000, 14.400717
12.500000, 14.401951
12.500000, 14.424604
12.500000, 14.424604
12.500000, 14.401951
12.500000, 14.424604
12.500000, 14.381638
12.500000, 14.424604
12.500000, 14.424604
12.500000, 14.424604
12.500000, 14.424604
12.500000, 14.424604
12.500000, 14.424604
12.500000, 14.379173
12.500000, 14.424604
12.500000, 14.424604
12.500000, 14.424604
12.500000, 14.424604
12.500000, 14.424604
12.500000, 14.406054
12.500000, 14.424604
12.500000, 14.424604
12.500000, 14.424604
12.500000, 14.424604
13.000000, 13.336358
13.000000, 13.335949
13.000000, 13.307778
13.000000, 13.335949
13.000000, 13.335949
13.000000, 13.335949
13.000000, 13.296224
13.000000, 13.335949
13.000000, 13.335206
13.000000, 13.335206
13.000000, 13.335206
13.000000, 13.335206
13.000000, 13.335206
13.000000, 13.317074
13.000000, 13.317074
13.000000, 13.317074
13.000000, 13.322213
13.000000, 13.322213
13.000000, 13.322213
13.000000, 13.305733
13.000000, 13.322213
13.000000, 13.322213
13.000000, 13.322213
13.000000, 13.322213
13.000000, 13.322213
13.000000, 13.321926
13.000000, 13.321926
13.000000, 13.321926
13.000000, 13.321926
13.000000, 13.307121
13.000000, 13.306764
13.000000, 13.306764
13.000000, 13.306764
13.000000, 13.306764
13.000000, 13.306764
13.000000, 13.306764
13.000000, 13.306764
13.000000, 13.306764
13.000000, 13.306764
13.000000, 13.306764
13.000000, 13.306764
13.000000, 13.306764
13.000000, 13.306764
13.000000, 13.306764
13.000000, 13.288097
13.000000, 13.306764
13.000000, 13.306764
13.000000, 13.306764
13.000000, 13.250961
13.000000, 13.306764
13.000000, 13.306764
13.000000, 13.306764
13.000000, 13.306764
13.000000, 13.306764
13.000000, 13.308350
13.000000, 13.308350
13.000000, 13.308350
13.000000, 13.308350
13.000000, 13.308350
13.000000, 13.308350
13.000000, 13.308350
13.000000, 13.292304
13.000000, 13.307979
13.000000, 13.307979
13.000000, 13.307979
13.000000, 13.307979
13.000000, 13.307540
13.000000, 13.307540
13.000000, 13.307540
13.000000, 13.309166
13.000000, 13.309166
13.000000, 13.309166
13.000000, 13.309166
13.000000, 13.309166
13.000000, 13.314238
13.000000, 13.314238
13.000000, 13.314238
13.000000, 13.314238
13.000000, 13.302566
13.000000, 13.314238
13.000000, 13.314238
13.000000, 13.314238
13.000000, 13.314238
13.000000, 13.314238
13.000000, 13.314238
13.000000, 13.314238
13.000000, 13.314238
13.000000, 13.314238
13.000000, 13.314238
13.000000, 13.314238
13.000000, 13.314238
13.000000, 13.331074
13.000000, 13.307319
13.000000, 13.331074
13.000000, 13.331074
13.000000, 13.331074
13.000000, 13.319652
13.000000, 13.319652
13.000000, 13.319652
13.000000, 13.319652
13.500000, 12.351283
13.500000, 12.351283
13.500000, 12.351356
13.500000, 12.351356
13.500000, 12.351356
13.500000, 12.351356
13.500000, 12.351356
13.500000, 12.298667
13.500000, 12.351356
13.500000, 12.351356
13.500000, 12.319461
13.500000, 12.351356
13.500000, 12.351356
13.500000, 12.351356
13.500000, 12.351356
13.500000, 12.351356
13.500000, 12.351356
13.500000, 12.352847
13.500000, 12.352847
13.500000, 12.301964
13.500000, 12.352847
13.500000, 12.352847
13.500000, 12.352847
13.500000, 12.327448
13.500000, 12.352847
13.500000, 12.352847
13.500000, 12.352847
13.500000, 12.361927
13.500000, 12.361927
13.500000, 12.361927
13.500000, 12.361927
13.500000, 12.361927
13.500000, 12.361927
13.500000, 12.361927
13.500000, 12.361927
13.500000, 12.361927
13.500000, 12.341354
13.500000, 12.361927
13.500000, 12.361927
13.500000, 12.347057
13.500000, 12.361927
13.500000, 12.361927
13.500000, 12.361927
13.500000, 12.361927
13.500000, 12.361927
13.500000, 12.361927
13.500000, 12.361927
13.500000, 12.361927
13.500000, 12.361927
13.500000, 12.361927
13.500000, 12.361927
13.500000, 12.361927
13.500000, 12.361927
13.500000, 12.361927
13.500000, 12.361927
13.500000, 12.361927
13.500000, 12.346704
13.500000, 12.361927
13.500000, 12.361927
13.500000, 12.361927
13.500000, 12.361927
13.500000, 12.361927
13.500000, 12.339895
13.500000, 12.361927
13.500000, 12.361927
13.500000, 12.361927
13.500000, 12.361927
13.500000, 12.364015
13.500000, 12.364015
13.500000, 12.364015
13.500000, 12.364015
13.500000, 12.364015
13.500000, 12.364015
13.500000, 12.364015
13.500000, 12.338613
13.500000, 12.313037
13.500000, 12.338818
13.500000, 12.364015
13.500000, 12.364015
13.500000, 12.326628
13.500000, 12.379069
13.500000, 12.379069
13.500000, 12.379069
13.500000, 12.383362
13.500000, 12.368139
13.500000, 12.383362
13.500000, 12.383362
13.500000, 12.358165
13.500000, 12.383362
13.500000, 12.383362
13.500000, 12.383362
13.500000, 12.383362
13.500000, 12.383362
13.500000, 12.383362
13.500000, 12.383362
13.500000, 12.380490
13.500000, 12.348948
13.500000, 12.380490
13.500000, 12.380490
13.500000, 12.380490
14.000000, 11.511960
14.000000, 11.511960
14.000000, 11.511960
14.000000, 11.511960
14.000000, 11.511960
14.000000, 11.497897
14.000000, 11.512468
14.000000, 11.514084
14.000000, 11.514084
14.000000, 11.514084
14.000000, 11.514084
14.000000, 11.481528
14.000000, 11.514084
14.000000, 11.514084
14.000000, 11.514084
14.000000, 11.481528
14.000000, 11.514084
14.000000, 11.514084
14.000000, 11.514084
14.000000, 11.514084
14.000000, 11.514084
14.000000, 11.485048
14.000000, 11.514084
14.000000, 11.514084
14.000000, 11.514084
14.000000, 11.495809
14.000000, 11.514084
14.000000, 11.514084
14.000000, 11.514084
14.000000, 11.514084
14.000000, 11.467501
14.000000, 11.515938
14.000000, 11.526605
14.000000, 11.526605
14.000000, 11.526605
14.000000, 11.505539
14.000000, 11.540578
14.000000, 11.540578
14.000000, 11.540578
14.000000, 11.540578
14.000000, 11.540578
14.000000, 11.540578
14.000000, 11.540578
14.000000, 11.540578
14.000000, 11.540578
14.000000, 11.540578
14.000000, 11.540578
14.000000, 11.540578
14.000000, 11.540578
14.000000, 11.540578
14.000000, 11.489388
14.000000, 11.540578
14.000000, 11.540578
14.000000, 11.540578
14.000000, 11.540578
14.000000, 11.531831
14.000000, 11.540578
14.000000, 11.540578
14.000000, 11.540578
14.000000, 11.540578
14.000000, 11.540578
14.000000, 11.540578
14.000000, 11.540578
14.000000, 11.540578
14.000000, 11.531831
14.000000, 11.540578
14.000000, 11.554353
14.000000, 11.554353
14.000000, 11.554353
14.000000, 11.554353
14.000000, 11.554353
14.000000, 11.554353
14.000000, 11.554353
14.000000, 11.554353
14.000000, 11.565326
14.000000, 11.565326
14.000000, 11.565326
14.000000, 11.565326
14.000000, 11.565326
14.000000, 11.565326
14.000000, 11.565326
14.000000, 11.565326
14.000000, 11.565326
14.000000, 11.547131
14.000000, 11.579151
14.000000, 11.579151
14.000000, 11.579151
14.000000, 11.579151
14.000000, 11.579151
14.000000, 11.579151
14.000000, 11.592423
14.000000, 11.592423
14.000000, 11.592423
14.000000, 11.592423
14.000000, 11.592423
14.000000, 11.581179
14.000000, 11.581179
14.000000, 11.581179
14.000000, 11.581179
14.000000, 11.581179
14.500000, 10.796248
14.500000, 10.796248
14.500000, 10.796248
14.500000, 10.796248
14.500000, 10.796248
14.500000, 10.796248
14.500000, 10.796248
14.500000, 10.796248
14.500000, 10.784553
14.500000, 10.751135
14.500000, 10.796248
14.500000, 10.795358
14.500000, 10.795358
14.500000, 10.795358
14.500000, 10.795358
14.500000, 10.795358
14.500000, 10.770096
14.500000, 10.795358
14.500000, 10.795358
14.500000, 10.795358
14.500000, 10.795358
14.500000, 10.795358
14.500000, 10.795358
14.500000, 10.796111
14.500000, 10.796111
14.500000, 10.796111
14.500000, 10.796111
14.500000, 10.796111
14.500000, 10.796111
14.500000, 10.796111
14.500000, 10.796111
14.500000, 10.798131
14.500000, 10.798131
14.500000, 10.798131
14.500000, 10.798131
14.500000, 10.798131
14.500000, 10.798131
14.500000, 10.798131
14.500000, 10.798131
14.500000, 10.780352
14.500000, 10.801229
14.500000, 10.801456
14.500000, 10.801456
14.500000, 10.796793
14.500000, 10.796793
14.500000, 10.796793
14.500000, 10.796793
14.500000, 10.796793
14.500000, 10.796793
14.500000, 10.796793
14.500000, 10.796793
14.500000, 10.796793
14.500000, 10.796793
14.500000, 10.796793
14.500000, 10.796793
14.500000, 10.791291
14.500000, 10.796793
14.500000, 10.796793
14.500000, 10.806197
14.500000, 10.806197
14.500000, 10.806197
14.500000, 10.806197
14.500000, 10.806197
14.500000, 10.807216
14.500000, 10.807216
14.500000, 10.807216
14.500000, 10.807216
14.500000, 10.807216
14.500000, 10.782223
14.500000, 10.807216
14.500000, 10.807216
14.500000, 10.807216
14.500000, 10.763536
14.500000, 10.807216
14.500000, 10.807216
14.500000, 10.787104
14.500000, 10.807216
14.500000, 10.807216
14.500000, 10.807216
14.500000, 10.807216
14.500000, 10.791192
14.500000, 10.782421
14.500000, 10.807216
14.500000, 10.807216
14.500000, 10.807216
14.500000, 10.804334
14.500000, 10.804334
14.500000, 10.804334
14.500000, 10.760582
14.500000, 10.793237
14.500000, 10.804283
14.500000, 10.804283
14.500000, 10.804283
14.500000, 10.804283
14.500000, 10.804283
14.500000, 10.804283
14.500000, 10.804283
14.500000, 10.758935
14.500000, 10.804283
14.500000, 10.804283
15.000000, 10.096002
15.000000, 10.075416
15.000000, 10.096002
15.000000, 10.096002
15.000000, 10.096002
15.000000, 10.096002
15.000000, 10.096002
15.000000, 10.096002
15.000000, 10.096002
15.000000, 10.096002
15.000000, 10.096002
15.000000, 10.096002
15.000000, 10.096002
15.000000, 10.096002
15.000000, 10.096002
15.000000, 10.096002
15.000000, 10.096002
15.000000, 10.096002
15.000000, 10.096002
15.000000, 10.096002
15.000000, 10.085441
15.000000, 10.085441
15.000000, 10.085441
15.000000, 10.071795
15.000000, 10.085441
15.000000, 10.085441
15.000000, 10.071914
15.000000, 10.086219
15.000000, 10.086219
15.000000, 10.086219
15.000000, 10.086219
15.000000, 10.086219
15.000000, 10.086219
15.000000, 10.086219
15.000000, 10.075922
15.000000, 10.077634
15.000000, 10.038343
15.000000, 10.063988
15.000000, 10.077634
15.000000, 10.077634
15.000000, 10.077634
15.000000, 10.079942
15.000000, 10.079942
15.000000, 10.079942
15.000000, 10.079942
15.000000, 10.079942
15.000000, 10.079942
15.000000, 10.066818
15.000000, 10.079942
15.000000, 10.062247
15.000000, 10.079942
15.000000, 10.079942
15.000000, 10.069646
15.000000, 10.079942
15.000000, 10.080365
15.000000, 10.061887
15.000000, 10.080365
15.000000, 10.057069
15.000000, 10.080365
15.000000, 10.081107
15.000000, 10.081107
15.000000, 10.081107
15.000000, 10.081107
15.000000, 10.081107
15.000000, 10.042664
15.000000, 10.081107
15.000000, 10.081107
15.000000, 10.039044
15.000000, 10.081107
15.000000, 10.081107
15.000000, 10.081107
15.000000, 10.057857
15.000000, 10.081107
15.000000, 10.039044
15.000000, 10.081107
15.000000, 10.081107
15.000000, 10.081107
15.000000, 10.070322
15.000000, 10.080473
15.000000, 10.075272
15.000000, 10.080473
15.000000, 10.080473
15.000000, 10.080473
15.000000, 10.080473
15.000000, 10.080473
15.000000, 10.080473
15.000000, 10.060486
15.000000, 10.080473
15.000000, 10.080473
15.000000, 10.080473
15.000000, 10.080473
15.000000, 10.080473
15.000000, 10.080473
15.000000, 10.080473
15.000000, 10.080473
15.000000, 10.080473
15.000000, 10.038410
15.000000, 10.080473
15.000000, 10.067038
15.000000, 10.080473
15.500000, 9.423305
15.500000, 9.440610
15.500000, 9.441494
15.500000, 9.441494
15.500000, 9.441494
15.500000, 9.441494
15.500000, 9.441494
15.500000, 9.441494
15.500000, 9.441494
15.500000, 9.416309
15.500000, 9.441494
15.500000, 9.431960
15.500000, 9.416309
15.500000, 9.441494
15.500000, 9.413924
15.500000, 9.441494
15.500000, 9.441494
15.500000, 9.441494
15.500000, 9.441494
15.500000, 9.441494
15.500000, 9.441494
15.500000, 9.441494
15.500000, 9.441494
15.500000, 9.441494
15.500000, 9.441494
15.500000, 9.441494
15.500000, 9.441494
15.500000, 9.441494
15.500000, 9.441494
15.500000, 9.441494
15.500000, 9.441494
15.500000, 9.441494
15.500000, 9.441494
15.500000, 9.441494
15.500000, 9.405647
15.500000, 9.441494
15.500000, 9.441494
15.500000, 9.441494
15.500000, 9.408111
15.500000, 9.441494
15.500000, 9.431960
15.500000, 9.419838
15.500000, 9.441494
15.500000, 9.442742
15.500000, 9.446503
15.500000, 9.446503
15.500000, 9.405577
15.500000, 9.446503
15.500000, 9.446503
15.500000, 9.431869
15.500000, 9.446503
15.500000, 9.446503
15.500000, 9.446503
15.500000, 9.413120
15.500000, 9.446503
15.500000, 9.446503
15.500000, 9.446503
15.500000, 9.446503
15.500000, 9.446552
15.500000, 9.446552
15.500000, 9.429524
15.500000, 9.446552
15.500000, 9.446552
15.500000, 9.446552
15.500000, 9.446552
15.500000, 9.446552
15.500000, 9.446552
15.500000, 9.446552
15.500000, 9.446552
15.500000, 9.446552
15.500000, 9.450901
15.500000, 9.450901
15.500000, 9.450901
15.500000, 9.450901
15.500000, 9.450901
15.500000, 9.450901
15.500000, 9.450772
15.500000, 9.450772
15.500000, 9.438228
15.500000, 9.450772
15.500000, 9.450772
15.500000, 9.455238
15.500000, 9.455238
15.500000, 9.455238
15.500000, 9.455238
15.500000, 9.455238
15.500000, 9.455238
15.500000, 9.455238
15.500000, 9.455238
15.500000, 9.455238
15.500000, 9.455238
15.500000, 9.455238
15.500000, 9.455238
15.500000, 9.419953
15.500000, 9.455238
15.500000, 9.455238
15.500000, 9.455238
15.500000, 9.431556
15.500000, 9.464397
15.500000, 9.464397
16.000000, 8.882115
16.000000, 8.847127
16.000000, 8.882115
16.000000, 8.870433
16.000000, 8.882115
16.000000, 8.866268
16.000000, 8.847127
16.000000, 8.882115
16.000000, 8.882115
16.000000, 8.882115
16.000000, 8.882115
16.000000, 8.877606
16.000000, 8.882115
16.000000, 8.882617
16.000000, 8.882617
16.000000, 8.882617
16.000000, 8.882617
16.000000, 8.882617
16.000000, 8.882617
16.000000, 8.882617
16.000000, 8.882617
16.000000, 8.882617
16.000000, 8.868204
16.000000, 8.882617
16.000000, 8.882617
16.000000, 8.882617
16.000000, 8.882617
16.000000, 8.882617
16.000000, 8.857512
16.000000, 8.882617
16.000000, 8.882617
16.000000, 8.882617
16.000000, 8.882617
16.000000, 8.882617
16.000000, 8.882617
16.000000, 8.882617
16.000000, 8.882617
16.000000, 8.882617
16.000000, 8.882617
16.000000, 8.882617
16.000000, 8.862423
16.000000, 8.882617
16.000000, 8.882617
16.000000, 8.882617
16.000000, 8.882617
16.000000, 8.882617
16.000000, 8.882617
16.000000, 8.882617
16.000000, 8.882617
16.000000, 8.869025
16.000000, 8.882617
16.000000, 8.882617
16.000000, 8.882617
16.000000, 8.882617
16.000000, 8.882617
16.000000, 8.882617
16.000000, 8.882617
16.000000, 8.882617
16.000000, 8.882617
16.000000, 8.882617
16.000000, 8.882617
16.000000, 8.882617
16.000000, 8.882617
16.000000, 8.882617
16.000000, 8.882617
16.000000, 8.882617
16.000000, 8.882617
16.000000, 8.873722
16.000000, 8.873722
16.000000, 8.870208
16.000000, 8.870208
16.000000, 8.870208
16.000000, 8.870208
16.000000, 8.870208
16.000000, 8.870208
16.000000, 8.870208
16.000000, 8.870208
16.000000, 8.870208
16.000000, 8.870208
16.000000, 8.870208
16.000000, 8.858480
16.000000, 8.870208
16.000000, 8.870208
16.000000, 8.869291
16.000000, 8.869291
16.000000, 8.831648
16.000000, 8.869291
16.000000, 8.869291
16.000000, 8.869291
16.000000, 8.869291
16.000000, 8.869228
16.000000, 8.869228
16.000000, 8.869228
16.000000, 8.869228
16.000000, 8.869228
16.000000, 8.869228
16.000000, 8.869228
16.000000, 8.869228
16.000000, 8.872001
16.000000, 8.872001
16.500000, 8.342451
16.500000, 8.342451
16.500000, 8.342451
16.500000, 8.342451
16.500000, 8.342451
16.500000, 8.342451
16.500000, 8.342451
16.500000, 8.327660
16.500000, 8.342451
16.500000, 8.342451
16.500000, 8.342451
16.500000, 8.342451
16.500000, 8.342451
16.500000, 8.342451
16.500000, 8.342451
16.500000, 8.342451
16.500000, 8.342451
16.500000, 8.342451
16.500000, 8.342451
16.500000, 8.342451
16.500000, 8.342451
16.500000, 8.342451
16.500000, 8.342451
16.500000, 8.342451
16.500000, 8.362322
16.500000, 8.331722
16.500000, 8.362322
16.500000, 8.362416
16.500000, 8.355083
16.500000, 8.355083
16.500000, 8.355083
16.500000, 8.355083
16.500000, 8.355083
16.500000, 8.324572
16.500000, 8.355083
16.500000, 8.355083
16.500000, 8.355083
16.500000, 8.355083
16.500000, 8.336678
16.500000, 8.321643
16.500000, 8.355083
16.500000, 8.319970
16.500000, 8.355083
16.500000, 8.355083
16.500000, 8.355083
16.500000, 8.355083
16.500000, 8.355083
16.500000, 8.355083
16.500000, 8.324553
16.500000, 8.355083
16.500000, 8.355083
16.500000, 8.355083
16.500000, 8.355083
16.500000, 8.355083
16.500000, 8.355083
16.500000, 8.355083
16.500000, 8.322633
16.500000, 8.355083
16.500000, 8.355083
16.500000, 8.355083
16.500000, 8.324553
16.500000, 8.355083
16.500000, 8.355083
16.500000, 8.324572
16.500000, 8.355083
16.500000, 8.355083
16.500000, 8.355083
16.500000, 8.355083
16.500000, 8.355083
16.500000, 8.355083
16.500000, 8.355083
16.500000, 8.355083
16.500000, 8.348592
16.500000, 8.348592
16.500000, 8.348592
16.500000, 8.348592
16.500000, 8.348592
16.500000, 8.348592
16.500000, 8.348592
16.500000, 8.348592
16.500000, 8.348592
16.500000, 8.348592
16.500000, 8.348592
16.500000, 8.348592
16.500000, 8.348592
16.500000, 8.348592
16.500000, 8.348592
16.500000, 8.348592
16.500000, 8.348592
16.500000, 8.348592
16.500000, 8.348592
16.500000, 8.350599
16.500000, 8.350599
16.500000, 8.350599
16.500000, 8.350599
16.500000, 8.350599
16.500000, 8.350599
16.500000, 8.350599
16.500000, 8.353814
16.500000, 8.353814
17.000000, 7.869640
17.000000, 7.865962
17.000000, 7.865962
17.000000, 7.865962
17.000000, 7.865962
17.000000, 7.865962
17.000000, 7.834853
17.000000, 7.865962
17.000000, 7.865962
17.000000, 7.865962
17.000000, 7.865962
17.000000, 7.839450
17.000000, 7.856906
17.000000, 7.826133
17.000000, 7.856906
17.000000, 7.856906
17.000000, 7.856906
17.000000, 7.856906
17.000000, 7.856906
17.000000, 7.856906
17.000000, 7.856906
17.000000, 7.856906
17.000000, 7.843903
17.000000, 7.843903
17.000000, 7.843903
17.000000, 7.832703
17.000000, 7.843903
17.000000, 7.832703
17.000000, 7.844230
17.000000, 7.833030
17.000000, 7.844230
17.000000, 7.844230
17.000000, 7.844230
17.000000, 7.844230
17.000000, 7.844230
17.000000, 7.844230
17.000000, 7.844230
17.000000, 7.844230
17.000000, 7.844230
17.000000, 7.807133
17.000000, 7.836847
17.000000, 7.836847
17.000000, 7.836847
17.000000, 7.836847
17.000000, 7.806328
17.000000, 7.836847
17.000000, 7.804770
17.000000, 7.836847
17.000000, 7.836847
17.000000, 7.836847
17.000000, 7.836847
17.000000, 7.836847
17.000000, 7.836847
17.000000, 7.836847
17.000000, 7.836847
17.000000, 7.836847
17.000000, 7.836847
17.000000, 7.836847
17.000000, 7.836847
17.000000, 7.836847
17.000000, 7.836847
17.000000, 7.836847
17.000000, 7.804770
17.000000, 7.808592
17.000000, 7.836847
17.000000, 7.836847
17.000000, 7.802382
17.000000, 7.808929
17.000000, 7.824150
17.000000, 7.829134
17.000000, 7.829134
17.000000, 7.829134
17.000000, 7.823667
17.000000, 7.829134
17.000000, 7.818718
17.000000, 7.829253
17.000000, 7.829253
17.000000, 7.829253
17.000000, 7.829253
17.000000, 7.818627
17.000000, 7.829253
17.000000, 7.799012
17.000000, 7.829253
17.000000, 7.829926
17.000000, 7.829926
17.000000, 7.829926
17.000000, 7.829926
17.000000, 7.829926
17.000000, 7.829926
17.000000, 7.829926
17.000000, 7.829926
17.000000, 7.817885
17.000000, 7.829926
17.000000, 7.829926
17.000000, 7.829926
17.000000, 7.829926
17.000000, 7.829926
17.000000, 7.829926
17.000000, 7.829926
17.000000, 7.817644
17.500000, 7.351451
17.500000, 7.377303
17.500000, 7.377303
17.500000, 7.377303
17.500000, 7.377303
17.500000, 7.377303
17.500000, 7.351451
17.500000, 7.377303
17.500000, 7.377303
17.500000, 7.377303
17.500000, 7.376177
17.500000, 7.376177
17.500000, 7.376177
17.500000, 7.365880
17.500000, 7.375498
17.500000, 7.375498
17.500000, 7.375498
17.500000, 7.375498
17.500000, 7.375498
17.500000, 7.375498
17.500000, 7.375498
17.500000, 7.375498
17.500000, 7.362656
17.500000, 7.375498
17.500000, 7.375498
17.500000, 7.375498
17.500000, 7.375498
17.500000, 7.375498
17.500000, 7.375703
17.500000, 7.375703
17.500000, 7.375703
17.500000, 7.375703
17.500000, 7.375703
17.500000, 7.375703
17.500000, 7.375703
17.500000, 7.375703
17.500000, 7.375703
17.500000, 7.375703
17.500000, 7.375703
17.500000, 7.375703
17.500000, 7.375703
17.500000, 7.375703
17.500000, 7.375703
17.500000, 7.375703
17.500000, 7.375703
17.500000, 7.375703
17.500000, 7.375703
17.500000, 7.375703
17.500000, 7.375703
17.500000, 7.375703
17.500000, 7.375703
17.500000, 7.375703
17.500000, 7.375703
17.500000, 7.375703
17.500000, 7.375703
17.500000, 7.375703
17.500000, 7.375703
17.500000, 7.362895
17.500000, 7.355078
17.500000, 7.375703
17.500000, 7.375703
17.500000, 7.375703
17.500000, 7.375703
17.500000, 7.375703
17.500000, 7.375703
17.500000, 7.375703
17.500000, 7.375703
17.500000, 7.378226
17.500000, 7.364954
17.500000, 7.354470
17.500000, 7.378226
17.500000, 7.378226
17.500000, 7.378226
17.500000, 7.378226
17.500000, 7.378226
17.500000, 7.350099
17.500000, 7.378226
17.500000, 7.378226
17.500000, 7.378226
17.500000, 7.378226
17.500000, 7.378226
17.500000, 7.378226
17.500000, 7.378226
17.500000, 7.378226
17.500000, 7.378226
17.500000, 7.378226
17.500000, 7.378226
17.500000, 7.378226
17.500000, 7.378226
17.500000, 7.360853
17.500000, 7.378226
17.500000, 7.378226
17.500000, 7.377207
17.500000, 7.377207
17.500000, 7.369331
17.500000, 7.369331
17.500000, 7.369331
17.500000, 7.369331
17.500000, 7.369331
17.500000, 7.369331
18.000000, 6.965610
18.000000, 6.965610
18.000000, 6.965610
18.000000, 6.965610
18.000000, 6.965610
18.000000, 6.965610
18.000000, 6.965610
18.000000, 6.965610
18.000000, 6.965610
18.000000, 6.965610
18.000000, 6.965610
18.000000, 6.965610
18.000000, 6.965610
18.000000, 6.965610
18.000000, 6.965610
18.000000, 6.943400
18.000000, 6.965610
18.000000, 6.937403
18.000000, 6.965610
18.000000, 6.965610
18.000000, 6.965610
18.000000, 6.953121
18.000000, 6.965610
18.000000, 6.941852
18.000000, 6.966203
18.000000, 6.966203
18.000000, 6.966203
18.000000, 6.966203
18.000000, 6.966203
18.000000, 6.966203
18.000000, 6.966203
18.000000, 6.966203
18.000000, 6.966203
18.000000, 6.966203
18.000000, 6.944082
18.000000, 6.966203
18.000000, 6.965027
18.000000, 6.965027
18.000000, 6.965027
18.000000, 6.965027
18.000000, 6.965027
18.000000, 6.965027
18.000000, 6.960781
18.000000, 6.965027
18.000000, 6.965027
18.000000, 6.964218
18.000000, 6.937852
18.000000, 6.964218
18.000000, 6.955460
18.000000, 6.939946
18.000000, 6.964218
18.000000, 6.964218
18.000000, 6.964218
18.000000, 6.964218
18.000000, 6.964468
18.000000, 6.964468
18.000000, 6.964468
18.000000, 6.964468
18.000000, 6.939730
18.000000, 6.960187
18.000000, 6.964468
18.000000, 6.964468
18.000000, 6.964468
18.000000, 6.964468
18.000000, 6.964468
18.000000, 6.964468
18.000000, 6.964468
18.000000, 6.964468
18.000000, 6.960187
18.000000, 6.964468
18.000000, 6.964332
18.000000, 6.964332
18.000000, 6.964332
18.000000, 6.964332
18.000000, 6.964332
18.000000, 6.964332
18.000000, 6.964332
18.000000, 6.964332
18.000000, 6.964332
18.000000, 6.964332
18.000000, 6.964332
18.000000, 6.964332
18.000000, 6.936296
18.000000, 6.964332
18.000000, 6.964332
18.000000, 6.964332
18.000000, 6.964332
18.000000, 6.964332
18.000000, 6.964332
18.000000, 6.964176
18.000000, 6.964176
18.000000, 6.964176
18.000000, 6.964883
18.000000, 6.964883
18.000000, 6.964883
18.000000, 6.964883
18.000000, 6.964883
18.000000, 6.964883
18.000000, 6.964883
18.000000, 6.964883
18.500000, 6.593490
18.500000, 6.593490
18.500000, 6.593490
18.500000, 6.593490
18.500000, 6.593490
18.500000, 6.593490
18.500000, 6.593490
18.500000, 6.583098
18.500000, 6.592855
18.500000, 6.601084
18.500000, 6.592855
18.500000, 6.601084
18.500000, 6.601084
18.500000, 6.601084
18.500000, 6.601084
18.500000, 6.601084
18.500000, 6.601084
18.500000, 6.601084
18.500000, 6.601084
18.500000, 6.601084
18.500000, 6.601084
18.500000, 6.601084
18.500000, 6.601084
18.500000, 6.601084
18.500000, 6.601084
18.500000, 6.602177
18.500000, 6.602177
18.500000, 6.602177
18.500000, 6.602177
18.500000, 6.602177
18.500000, 6.602177
18.500000, 6.586957
18.500000, 6.579557
18.500000, 6.602177
18.500000, 6.602137
18.500000, 6.602137
18.500000, 6.584151
18.500000, 6.602137
18.500000, 6.593367
18.500000, 6.602137
18.500000, 6.602137
18.500000, 6.587005
18.500000, 6.598191
18.500000, 6.602137
18.500000, 6.602137
18.500000, 6.602137
18.500000, 6.602137
18.500000, 6.602137
18.500000, 6.602137
18.500000, 6.602137
18.500000, 6.602137
18.500000, 6.602137
18.500000, 6.602137
18.500000, 6.602137
18.500000, 6.602137
18.500000, 6.602137
18.500000, 6.602137
18.500000, 6.602137
18.500000, 6.602137
18.500000, 6.584151
18.500000, 6.602137
18.500000, 6.602137
18.500000, 6.602137
18.500000, 6.602137
18.500000, 6.602137
18.500000, 6.598191
18.500000, 6.593367
18.500000, 6.602137
18.500000, 6.602137
18.500000, 6.602137
18.500000, 6.602137
18.500000, 6.602137
18.500000, 6.602137
18.500000, 6.602137
18.500000, 6.602137
18.500000, 6.602137
18.500000, 6.602137
18.500000, 6.602137
18.500000, 6.602137
18.500000, 6.594145
18.500000, 6.602137
18.500000, 6.584151
18.500000, 6.591252
18.500000, 6.609086
18.500000, 6.609086
18.500000, 6.609086
18.500000, 6.609086
18.500000, 6.609086
18.500000, 6.609086
18.500000, 6.601093
18.500000, 6.600784
18.500000, 6.595222
18.500000, 6.599005
18.500000, 6.599005
18.500000, 6.584130
18.500000, 6.599005
18.500000, 6.599005
18.500000, 6.599005
18.500000, 6.579878
18.500000, 6.573042
19.000000, 6.256259
19.000000, 6.256259
19.000000, 6.256259
19.000000, 6.256259
19.000000, 6.256259
19.000000, 6.256259
19.000000, 6.239241
19.000000, 6.256259
19.000000, 6.256259
19.000000, 6.256259
19.000000, 6.256259
19.000000, 6.256259
19.000000, 6.256259
19.000000, 6.256259
19.000000, 6.256259
19.000000, 6.256259
19.000000, 6.236632
19.000000, 6.256259
19.000000, 6.256259
19.000000, 6.256259
19.000000, 6.256259
19.000000, 6.256259
19.000000, 6.256259
19.000000, 6.256259
19.000000, 6.256259
19.000000, 6.256259
19.000000, 6.256259
19.000000, 6.254814
19.000000, 6.254814
19.000000, 6.254814
19.000000, 6.254814
19.000000, 6.254814
19.000000, 6.254814
19.000000, 6.254814
19.000000, 6.254814
19.000000, 6.254814
19.000000, 6.235421
19.000000, 6.254814
19.000000, 6.254814
19.000000, 6.254814
19.000000, 6.255420
19.000000, 6.255420
19.000000, 6.255420
19.000000, 6.255420
19.000000, 6.247722
19.000000, 6.255060
19.000000, 6.255060
19.000000, 6.255533
19.000000, 6.255852
19.000000, 6.255852
19.000000, 6.255852
19.000000, 6.255852
19.000000, 6.255852
19.000000, 6.255852
19.000000, 6.255852
19.000000, 6.255852
19.000000, 6.255852
19.000000, 6.255852
19.000000, 6.255852
19.000000, 6.255852
19.000000, 6.233485
19.000000, 6.255852
19.000000, 6.255852
19.000000, 6.255852
19.000000, 6.255852
19.000000, 6.255852
19.000000, 6.255852
19.000000, 6.255852
19.000000, 6.253385
19.000000, 6.236543
19.000000, 6.253385
19.000000, 6.253385
19.000000, 6.253385
19.000000, 6.246279
19.000000, 6.246279
19.000000, 6.246279
19.000000, 6.228339
19.000000, 6.224526
19.000000, 6.246279
19.000000, 6.246279
19.000000, 6.246279
19.000000, 6.246279
19.000000, 6.246279
19.000000, 6.246279
19.000000, 6.246279
19.000000, 6.246279
19.000000, 6.246279
19.000000, 6.246279
19.000000, 6.246279
19.000000, 6.246279
19.000000, 6.241284
19.000000, 6.246279
19.000000, 6.238209
19.000000, 6.246279
19.000000, 6.246279
19.000000, 6.246279
19.000000, 6.246279
19.000000, 6.246279
19.000000, 6.246279
19.000000, 6.239039
19.500000, 5.930063
19.500000, 5.930063
19.500000, 5.930063
19.500000, 5.930063
19.500000, 5.930063
19.500000, 5.930063
19.500000, 5.930063
19.500000, 5.930063
19.500000, 5.930063
19.500000, 5.930063
19.500000, 5.930063
19.500000, 5.930063
19.500000, 5.930063
19.500000, 5.930063
19.500000, 5.930063
19.500000, 5.930063
19.500000, 5.930063
19.500000, 5.930063
19.500000, 5.923190
19.500000, 5.930063
19.500000, 5.930063
19.500000, 5.927620
19.500000, 5.927620
19.500000, 5.927620
19.500000, 5.927620
19.500000, 5.927620
19.500000, 5.927620
19.500000, 5.927620
19.500000, 5.927620
19.500000, 5.927620
19.500000, 5.927620
19.500000, 5.927620
19.500000, 5.927620
19.500000, 5.927620
19.500000, 5.927620
19.500000, 5.927620
19.500000, 5.927620
19.500000, 5.927620
19.500000, 5.927585
19.500000, 5.927585
19.500000, 5.904621
19.500000, 5.927585
19.500000, 5.927585
19.500000, 5.927585
19.500000, 5.927585
19.500000, 5.927585
19.500000, 5.927585
19.500000, 5.927585
19.500000, 5.927585
19.500000, 5.927585
19.500000, 5.927585
19.500000, 5.927585
19.500000, 5.927746
19.500000, 5.927746
19.500000, 5.927746
19.500000, 5.907023
19.500000, 5.927746
19.500000, 5.927746
19.500000, 5.927746
19.500000, 5.928107
19.500000, 5.928107
19.500000, 5.928107
19.500000, 5.928107
19.500000, 5.921290
19.500000, 5.928107
19.500000, 5.928107
19.500000, 5.928107
19.500000, 5.928107
19.500000, 5.928107
19.500000, 5.928107
19.500000, 5.928107
19.500000, 5.928107
19.500000, 5.928107
19.500000, 5.928107
19.500000, 5.927651
19.500000, 5.927651
19.500000, 5.906904
19.500000, 5.927651
19.500000, 5.927651
19.500000, 5.927651
19.500000, 5.927651
19.500000, 5.927651
19.500000, 5.923078
19.500000, 5.927651
19.500000, 5.927651
19.500000, 5.927651
19.500000, 5.927651
19.500000, 5.927651
19.500000, 5.927651
19.500000, 5.927651
19.500000, 5.904717
19.500000, 5.927651
19.500000, 5.927651
19.500000, 5.927651
19.500000, 5.927651
19.500000, 5.934339
19.500000, 5.927490
19.500000, 5.934339
19.500000, 5.934339
19.500000, 5.934339
20.000000, 5.641331
20.000000, 5.640986
20.000000, 5.640986
20.000000, 5.640986
20.000000, 5.640986
20.000000, 5.640986
20.000000, 5.640986
20.000000, 5.640986
20.000000, 5.640986
20.000000, 5.640986
20.000000, 5.640986
20.000000, 5.640986
20.000000, 5.640986
20.000000, 5.640986
20.000000, 5.640986
20.000000, 5.640986
20.000000, 5.640986
20.000000, 5.640986
20.000000, 5.640986
20.000000, 5.640986
20.000000, 5.640986
20.000000, 5.638314
20.000000, 5.640986
20.000000, 5.640986
20.000000, 5.640986
20.000000, 5.640986
20.000000, 5.640986
20.000000, 5.640986
20.000000, 5.640986
20.000000, 5.640986
20.000000, 5.640986
20.000000, 5.640986
20.000000, 5.634414
20.000000, 5.640986
20.000000, 5.640986
20.000000, 5.640986
20.000000, 5.640986
20.000000, 5.640693
20.000000, 5.640693
20.000000, 5.640693
20.000000, 5.640693
20.000000, 5.640693
20.000000, 5.620904
20.000000, 5.619281
20.000000, 5.640870
20.000000, 5.640870
20.000000, 5.630935
20.000000, 5.640870
20.000000, 5.640870
20.000000, 5.641147
20.000000, 5.641147
20.000000, 5.641147
20.000000, 5.641147
20.000000, 5.641147
20.000000, 5.641147
20.000000, 5.641147
20.000000, 5.641147
20.000000, 5.641147
20.000000, 5.641147
20.000000, 5.641147
20.000000, 5.636890
20.000000, 5.641147
20.000000, 5.644838
20.000000, 5.644838
20.000000, 5.644838
20.000000, 5.644838
20.000000, 5.644838
20.000000, 5.644838
20.000000, 5.644838
20.000000, 5.644838
20.000000, 5.644838
20.000000, 5.644838
20.000000, 5.644838
20.000000, 5.644838
20.000000, 5.644838
20.000000, 5.644838
20.000000, 5.644838
20.000000, 5.644838
20.000000, 5.644838
20.000000, 5.644838
20.000000, 5.644838
20.000000, 5.644838
20.000000, 5.644838
20.000000, 5.644838
20.000000, 5.644838
20.000000, 5.644838
20.000000, 5.644838
20.000000, 5.644838
20.000000, 5.644838
20.000000, 5.626390
20.000000, 5.644838
20.000000, 5.644838
20.000000, 5.650801
20.000000, 5.650801
20.000000, 5.638296
20.000000, 5.651512
20.000000, 5.651512
20.000000, 5.651512
20.000000, 5.651512
20.000000, 5.638296
